old_admin001,mlpjEQ
old_admin002,E7P22Q
old_admin003,Iwa61k
old_admin004,2P1oAa
old_admin005,Gy7zss
old_admin006,17V9Iu
old_admin007,Wc69YC
old_admin008,upwXys
old_admin009,9Px1Yu
old_admin010,493WfE
old_admin011,GUjObz
old_admin012,ZK4zB8
old_admin013,JiWRjl
old_admin014,e0gEo6
old_admin015,CD0I3O
old_admin016,nF9UG3
old_admin017,IKUjzf
old_admin018,r0wS60
old_admin019,GKyuLE
old_admin020,DaKqG6
old_admin021,ruYRaq
old_admin022,j8hMTJ
old_admin023,qpksAa
old_admin024,gADJpK
old_admin025,VHLtVS
old_admin026,t97DVP
old_admin027,lRVLnJ
old_admin028,3zdcAo
old_admin029,rrK1tW
old_admin030,bo8GFR
old_admin031,mXG7wA
old_admin032,SWWOye
old_admin033,5fprwh
old_admin034,dcu3mR
old_admin035,6fU5la
old_admin036,x21Ujh
old_admin037,15FeTo
old_admin038,6op9gL
old_admin039,KSaZ6q
old_admin040,QGBHHB
old_admin041,Iv2PxE
old_admin042,L6Q0XY
old_admin043,bEKrhD
old_admin044,jCRtnV
old_admin045,pNywHj
old_admin046,fqgnTP
old_admin047,ain2OZ
old_admin048,bdZLwK
old_admin049,j945ZH
old_admin050,HXs2FH
old_admin051,zwQDu8
old_admin052,YOnlls
old_admin053,sxuOXo
old_admin054,hsrRT3
old_admin055,z3HiWC
old_admin056,I1fWyU
old_admin057,Chj7ER
old_admin058,RaaajR
old_admin059,3kZCKF
old_admin060,QD0dGr
old_admin061,euXFU1
old_admin062,eVnmz8
old_admin063,yZBSqo
old_admin064,OuiYjF
old_admin065,FAgm4W
old_admin066,nqsMVF
old_admin067,odqsLw
old_admin068,eEDFfw
old_admin069,DSr7Oq
old_admin070,i8jsU9
old_admin071,fo7w3a
old_admin072,P1yc7V
old_admin073,nhMUwv
old_admin074,V47lXI
old_admin075,S9XvDu
old_admin076,82UetP
old_admin077,Iwppeg
old_admin078,YZP6Sx
old_admin079,KYIBpG
old_admin080,u4aNFG
old_admin081,igPIYh
old_admin082,ErAQhL
old_admin083,9s76gx
old_admin084,0UlNQF
old_admin085,0rBxno
old_admin086,LM6Ryw
old_admin087,6MJrCS
old_admin088,vH0STU
old_admin089,dM1ZSt
old_admin090,RQIrMg
old_admin091,YokOs6
old_admin092,Shfy3c
old_admin093,JjO3bk
old_admin094,Yobgfu
old_admin095,l0Pd1B
old_admin096,SCdAP0
old_admin097,WGwByZ
old_admin098,Q8wGXG
old_admin099,onWB29
old_admin100,wDrLb2
old_admin101,tG28pt
old_admin102,fEJtAW
old_admin103,Z0Dz6G
old_admin104,Prgb1y
old_admin105,FQ5eAx
old_admin106,tcspIS
old_admin107,pex1gU
old_admin108,gcRBi5
old_admin109,1Mv2zd
old_admin110,1vs3cA
old_admin111,3JdzOf
old_admin112,akEySB
old_admin113,0IIIFu
old_admin114,rOI7ys
old_admin115,Me6wyH
old_admin116,9eI8Wb
old_admin117,GlU1vV
old_admin118,taOOjX
old_admin119,PCUqhw
old_admin120,XN8XQp
old_admin121,ULQEPR
old_admin122,QLOOZU
old_admin123,WfjbEK
old_admin124,k19cKX
old_admin125,WdNXuj
old_admin126,pED8uh
old_admin127,CoAMYK
old_admin128,wStVbv
old_admin129,E7OIIf
old_admin130,VkSySj
old_admin131,beb3UT
old_admin132,0Z6QLS
old_admin133,hsZVR3
old_admin134,dLRNRD
old_admin135,G8BkoS
old_admin136,gouVLP
old_admin137,YKOty7
old_admin138,6IBCIN
old_admin139,xxFlPd
old_admin140,RVYZfW
old_admin141,nAmmZv
old_admin142,2j1219
old_admin143,eKkfrV
old_admin144,7UZSWR
old_admin145,nnXdnq
old_admin146,mU408t
old_admin147,BipH0L
old_admin148,pLEZAF
old_admin149,C65FdQ
old_admin150,nU0C1K
old_admin151,yQS1JX
old_admin152,fNnoKy
old_admin153,TF16ot
old_admin154,IeEZFN
old_admin155,2U6Zmr
old_admin156,WBRryp
old_admin157,TMOJ1a
old_admin158,berAYy
old_admin159,o9nlTT
old_admin160,yj5Rqr
old_admin161,3NRkD0
old_admin162,3l2fiu
old_admin163,TYE5LC
old_admin164,fkiQlz
old_admin165,fHZh1P
old_admin166,P5r7TD
old_admin167,NroADL
old_admin168,FQ4FIx
old_admin169,MWk4f9
old_admin170,dypdWz
old_admin171,7grt3d
old_admin172,07Ibgu
old_admin173,gJE4db
old_admin174,XQKCAu
old_admin175,H2g9pH
old_admin176,wzYGfR
old_admin177,dQD49R
old_admin178,kOVTnf
old_admin179,KWKXwQ
old_admin180,7vdEQ1
old_admin181,O4VWUk
old_admin182,bZXfWa
old_admin183,uB1ixz
old_admin184,sS6GPt
old_admin185,o2xxJO
old_admin186,5HWRb1
old_admin187,KzzK1o
old_admin188,OqdHqv
old_admin189,nhrIsk
old_admin190,905Vcd
old_admin191,SqPMTI
old_admin192,qBAqAx
old_admin193,7NP0dk
old_admin194,k6NQWq
old_admin195,QHdGaJ
old_admin196,ruK1HN
old_admin197,oTU2To
old_admin198,DCgKI3
old_admin199,qBQNv5
old_admin200,P0sHvR
old_admin201,1VyYqm
old_admin202,drl69U
old_admin203,rzPsNu
old_admin204,S5pdoN
old_admin205,dRHdQV
old_admin206,ZF222X
old_admin207,OnbmBp
old_admin208,3WuOPS
old_admin209,4OlpXe
old_admin210,1Vd8ok
old_admin211,DavDTg
old_admin212,vxW1nF
old_admin213,eaY6WJ
old_admin214,UDPyT3
old_admin215,2UaBbk
old_admin216,sdrIBo
old_admin217,90wnyC
old_admin218,yT6Xp1
old_admin219,QW69za
old_admin220,DjoRde
old_admin221,0fUNDc
old_admin222,zXaj2L
old_admin223,HgsHXl
old_admin224,mijKlj
old_admin225,sgoGcz
old_admin226,rrs6R9
old_admin227,zD4AX1
old_admin228,mgP6g7
old_admin229,n7pMnu
old_admin230,LqydNq
old_admin231,z9BdWR
old_admin232,JSAfVg
old_admin233,rS6uH8
old_admin234,sl4gYL
old_admin235,gDaoHW
old_admin236,drwBCJ
old_admin237,yD96R1
old_admin238,D1zzMx
old_admin239,qVi81O
old_admin240,D37d1Q
old_admin241,ydeQb0
old_admin242,KypfoC
old_admin243,VLQvEF
old_admin244,h1ylYf
old_admin245,BLDmVK
old_admin246,JCqkiA
old_admin247,myjuoa
old_admin248,WdHwRJ
old_admin249,xEPj1u
old_admin250,4j1lfS
old_admin251,YChlsx
old_admin252,YglDFs
old_admin253,eLILz7
old_admin254,B2Xpva
old_admin255,ghNHJq
old_admin256,DHzEmA
old_admin257,OAaY5J
old_admin258,yWpaM5
old_admin259,fQ7V46
old_admin260,GaC5hz
old_admin261,0qmX7L
old_admin262,PBKimN
old_admin263,npFIRE
old_admin264,jQlWzi
old_admin265,vMcdHJ
old_admin266,V1wGSR
old_admin267,FCMoSS
old_admin268,lZOvs3
old_admin269,2xRwVk
old_admin270,zJu9X1
old_admin271,ilMXp8
old_admin272,WWsble
old_admin273,oSc2zn
old_admin274,RO7n2I
old_admin275,nkdJCU
old_admin276,2LtIs7
old_admin277,yNBVqc
old_admin278,Owsd5B
old_admin279,3KFi8L
old_admin280,h3NSdj
old_admin281,KBScFZ
old_admin282,ox1IJ0
old_admin283,dwxzjv
old_admin284,BPSJ9x
old_admin285,qO2a0A
old_admin286,1ghPQu
old_admin287,V4Nofq
old_admin288,m18tCx
old_admin289,UtGBLl
old_admin290,H9KlGx
old_admin291,hOcvSQ
old_admin292,rXzZog
old_admin293,9sg3Uw
old_admin294,k9GV8q
old_admin295,zWnllg
old_admin296,VDnyMu
old_admin297,00NkUr
old_admin298,w8q3LI
old_admin299,4LbhOq
old_admin300,jWvG0L
old_admin301,O1PAio
old_admin302,7CZFCk
old_admin303,PihqwD
old_admin304,CJzvOI
old_admin305,55gOoo
old_admin306,2v8vp6
old_admin307,8QbOx4
old_admin308,6nInED
old_admin309,CfIjl8
old_admin310,I7lOrw
old_admin311,Z8HUGD
old_admin312,OXk1zK
old_admin313,v7L9Vd
old_admin314,JejT4p
old_admin315,iya5W4
old_admin316,emNYX4
old_admin317,DTehJo
old_admin318,foPDtR
old_admin319,ybawks
old_admin320,7jDzmy
old_admin321,N2NWq5
old_admin322,4pkLk4
old_admin323,EA5JJs
old_admin324,icUrLG
old_admin325,tMUSWF
old_admin326,9LB3av
old_admin327,T8VxLb
old_admin328,RvUxf3
old_admin329,KU1lBs
old_admin330,ZgTObA
old_admin331,33z58I
old_admin332,tJRzPw
old_admin333,vu6t3b
old_admin334,kDcvCF
old_admin335,0wrXdS
old_admin336,wBBi9O
old_admin337,9dsnxU
old_admin338,iCW36y
old_admin339,jfjIdf
old_admin340,LLkrc1
old_admin341,Bh6WAJ
old_admin342,dfmcHH
old_admin343,alY4cC
old_admin344,bnyaQ1
old_admin345,Cxvt3J
old_admin346,IhOJOK
old_admin347,opKmuq
old_admin348,jWmg8F
old_admin349,nM0Vmw
old_admin350,rghIHk
old_admin351,FIIbh4
old_admin352,iyWZtT
old_admin353,ck7LEH
old_admin354,jneHgX
old_admin355,LManGu
old_admin356,7FeAbw
old_admin357,CbFoJV
old_admin358,dea5cs
old_admin359,kdZ7go
old_admin360,FBx3EX
old_admin361,wOg7iK
old_admin362,GegybA
old_admin363,WQvKX5
old_admin364,gjoCCU
old_admin365,Hvji4Z
old_admin366,Qb4zqO
old_admin367,lygK1x
old_admin368,Gvkovo
old_admin369,1r7wjG
old_admin370,UKkskS
old_admin371,fwsvQ7
old_admin372,zYu5qo
old_admin373,BkeWZE
old_admin374,BcOIgi
old_admin375,vvtWTO
old_admin376,H1yUin
old_admin377,CvMmJ5
old_admin378,SeUJE1
old_admin379,cvfwC1
old_admin380,CxfWvZ
old_admin381,oOrFKC
old_admin382,1XpzfJ
old_admin383,rp8PPk
old_admin384,ezV1ID
old_admin385,5DzrCO
old_admin386,dZFdwV
old_admin387,JBxsaz
old_admin388,acSN1V
old_admin389,gDDydz
old_admin390,09l066
old_admin391,SCuTfw
old_admin392,m9ZXvA
old_admin393,kaL47x
old_admin394,en3F6v
old_admin395,6n3vch
old_admin396,5hxVI5
old_admin397,cYdtcg
old_admin398,8NfWwH
old_admin399,TJmZdF
old_admin400,jbOLvj
old_admin401,Qc7i2w
old_admin402,cB1YVV
old_admin403,QjGNye
old_admin404,ZTWGEM
old_admin405,JK2pQf
old_admin406,i5pRi0
old_admin407,gfXJy6
old_admin408,4OMslv
old_admin409,exl2NU
old_admin410,NR5yj8
old_admin411,5y8Ygt
old_admin412,drx9e1
old_admin413,FmoqBO
old_admin414,OsSoAH
old_admin415,q4qEG1
old_admin416,noEXDg
old_admin417,bdDnh8
old_admin418,qDf4o2
old_admin419,qslv3C
old_admin420,TmfHTY
old_admin421,f3Q9W7
old_admin422,4MQIAz
old_admin423,FLVjWq
old_admin424,5wzYOT
old_admin425,aiaEJl
old_admin426,jovtF6
old_admin427,T2r6l0
old_admin428,f6EfhS
old_admin429,3LRUEP
old_admin430,b8YRoc
old_admin431,3z91zx
old_admin432,2gT9kq
old_admin433,2gfxOH
old_admin434,lsbjLF
old_admin435,5O0fZy
old_admin436,xUhx6Z
old_admin437,zJOMn1
old_admin438,BU9CjI
old_admin439,aFv7oB
old_admin440,P6fSOo
old_admin441,Bv9GGj
old_admin442,68kMPV
old_admin443,JIY6Oj
old_admin444,mC85tu
old_admin445,LH1rxV
old_admin446,CIc2II
old_admin447,pydkZ2
old_admin448,ABC26h
old_admin449,VEzk12
old_admin450,qDWhKs
old_admin451,GjpQ5g
old_admin452,rPwS6W
old_admin453,U24vGG
old_admin454,f0ULow
old_admin455,l9QIdI
old_admin456,CzbQHN
old_admin457,Auq8GO
old_admin458,DmsFcu
old_admin459,kDhZyI
old_admin460,94rUJU
old_admin461,SdW3Gb
old_admin462,Liv8hi
old_admin463,Ak06zZ
old_admin464,A8IVul
old_admin465,XQyK0P
old_admin466,Faa1dl
old_admin467,OT9BB8
old_admin468,CpqF3f
old_admin469,uMtzHW
old_admin470,0q1etD
old_admin471,NPrX1O
old_admin472,pvoMv4
old_admin473,av1zeH
old_admin474,Z62T95
old_admin475,pdi1Uf
old_admin476,fTuDRx
old_admin477,lLul01
old_admin478,kF4JiU
old_admin479,g4mdae
old_admin480,7xkCrE
old_admin481,tv0kvY
old_admin482,14DNoZ
old_admin483,CA1Q9Y
old_admin484,K2eCmJ
old_admin485,n7CYJ9
old_admin486,whvlCY
old_admin487,W0r1Yn
old_admin488,rivVT7
old_admin489,DFpoyR
old_admin490,O1lI7u
old_admin491,6mkCjS
old_admin492,tll29K
old_admin493,TO1hB3
old_admin494,qrtFV4
old_admin495,EsfUui
old_admin496,Tyf7Uk
old_admin497,LLuNVr
old_admin498,mLPvlv
old_admin499,83wfku
old_admin500,1ooUG3
old_admin501,1aU6ml
old_admin502,lgNMGO
old_admin503,NfrLa6
old_admin504,i10POv
old_admin505,3oW08n
old_admin506,UHkTSF
old_admin507,AFkgcN
old_admin508,0nZ2ur
old_admin509,ZD4NMa
old_admin510,waVEKQ
old_admin511,okwDX3
old_admin512,kLzAfh
old_admin513,2C0SJl
old_admin514,ntkPOt
old_admin515,KNTRHM
old_admin516,JfNqHn
old_admin517,P2wsLk
old_admin518,tnIWOC
old_admin519,vZo8Tq
old_admin520,I3eCBs
old_admin521,noYyNY
old_admin522,T6wqAs
old_admin523,mOR3wY
old_admin524,yn5eo8
old_admin525,zsQctu
old_admin526,BWhAdt
old_admin527,egLp3N
old_admin528,3aEa6D
old_admin529,JfC3tZ
old_admin530,DQ65UH
old_admin531,nfriji
old_admin532,rBXI7k
old_admin533,dtFgC8
old_admin534,Qg9dP3
old_admin535,8v5j46
old_admin536,88rxaL
old_admin537,gbGvOc
old_admin538,FLqRd4
old_admin539,a1RWXS
old_admin540,zf4zdg
old_admin541,2jGVRc
old_admin542,NbREjL
old_admin543,QwpheA
old_admin544,K0qhuq
old_admin545,fjANm1
old_admin546,KCPxuL
old_admin547,8f3bUm
old_admin548,64Mst3
old_admin549,7PhUT6
old_admin550,oAvSgO
old_admin551,rocait
old_admin552,plHcNt
old_admin553,ZCHltK
old_admin554,eY9XJK
old_admin555,Dj7lc4
old_admin556,MhnJ7j
old_admin557,Ef6jEf
old_admin558,T05iIH
old_admin559,HJoCa4
old_admin560,DvmDiV
old_admin561,ogZkk6
old_admin562,D5FHpr
old_admin563,nKv8ey
old_admin564,3vhNFD
old_admin565,qxjTXX
old_admin566,pfuAy2
old_admin567,axzw9S
old_admin568,1txAkx
old_admin569,97wqHT
old_admin570,B5Yuxq
old_admin571,iCY5RW
old_admin572,9Sfyxg
old_admin573,m3pseK
old_admin574,c8bq5j
old_admin575,zoLZao
old_admin576,Rr5GVC
old_admin577,61ydy1
old_admin578,edrsy8
old_admin579,g6xsvJ
old_admin580,7vmsDL
old_admin581,RJlEK2
old_admin582,ebiw41
old_admin583,6x8fej
old_admin584,VJrtym
old_admin585,UNcchP
old_admin586,Nee9HH
old_admin587,XwnYPp
old_admin588,WRbsAy
old_admin589,xu3ARU
old_admin590,5Q4k0L
old_admin591,Nc9pE4
old_admin592,iMxcIE
old_admin593,4JHZk0
old_admin594,2g9IYG
old_admin595,V3mJfJ
old_admin596,TJXuUv
old_admin597,4eGdj1
old_admin598,ALmwl0
old_admin599,u7sUiG
old_admin600,rrA7Zy
old_admin601,FTftTE
old_admin602,ipAkhp
old_admin603,If4tFl
old_admin604,cAt0he
old_admin605,zYeWrf
old_admin606,QZr7pJ
old_admin607,CnI8gE
old_admin608,L3MyIW
old_admin609,vFIvyM
old_admin610,DoZlwK
old_admin611,akDpY0
old_admin612,IYpLm9
old_admin613,WvMIB0
old_admin614,hrz1pv
old_admin615,ScHT6c
old_admin616,aIEvvs
old_admin617,QnmKxJ
old_admin618,Yj2zaG
old_admin619,cyibzl
old_admin620,j0bWKS
old_admin621,01zVXO
old_admin622,JxyGe8
old_admin623,f67yKH
old_admin624,nJBS1M
old_admin625,I2Sn0C
old_admin626,dSzuWl
old_admin627,Rm25GH
old_admin628,koimXa
old_admin629,a3nINU
old_admin630,DYKDkX
old_admin631,b9KVfF
old_admin632,cDljsQ
old_admin633,UxK6CX
old_admin634,Mpf08j
old_admin635,IkFooD
old_admin636,5IbRKM
old_admin637,n7H1Lv
old_admin638,IRdpq1
old_admin639,4SqodY
old_admin640,vu5F1K
old_admin641,jFVDt3
old_admin642,He7vPO
old_admin643,OEYAUx
old_admin644,rSaE5K
old_admin645,kSbFiM
old_admin646,TsU1Rl
old_admin647,fSNPa9
old_admin648,MkGTU8
old_admin649,3T0tC4
old_admin650,QHgPnc
old_admin651,uxyCwW
old_admin652,6ApYkp
old_admin653,tANBQG
old_admin654,a3r4eb
old_admin655,KhrmKL
old_admin656,hMDDa0
old_admin657,zUVTLb
old_admin658,85xqVQ
old_admin659,LNiEp2
old_admin660,Xi2pEW
old_admin661,JM9Tpa
old_admin662,OYawzh
old_admin663,LTizkN
old_admin664,U0GQr5
old_admin665,vZXD6N
old_admin666,BaeW2K
old_admin667,GDWupr
old_admin668,Pa60pO
old_admin669,vhA2qz
old_admin670,6GlEpB
old_admin671,R0dli3
old_admin672,joQYiB
old_admin673,2CLg00
old_admin674,Qx0nox
old_admin675,7pvZfj
old_admin676,gthKms
old_admin677,IxmMeb
old_admin678,lajeyo
old_admin679,QJEycM
old_admin680,hRw0Wc
old_admin681,WyTNng
old_admin682,Ra2jIh
old_admin683,VecOGV
old_admin684,ahNGVn
old_admin685,lsp9cW
old_admin686,VYqM9O
old_admin687,rPBzsj
old_admin688,embOyV
old_admin689,njKeDf
old_admin690,85Os3r
old_admin691,EwmagD
old_admin692,ErBobb
old_admin693,ya7CiN
old_admin694,A1Sd6C
old_admin695,il4c9H
old_admin696,S3VpKA
old_admin697,7D0Uei
old_admin698,mQIiDj
old_admin699,qpZ4jD
old_admin700,URPUEP
old_admin701,QzaHTB
old_admin702,bZb4N6
old_admin703,7Im79i
old_admin704,dbnDnZ
old_admin705,z6AtyE
old_admin706,BhywzC
old_admin707,WvlKll
old_admin708,OYWJjl
old_admin709,ADJtRO
old_admin710,bMzJBx
old_admin711,ZUGOmp
old_admin712,F8G5oG
old_admin713,esGuY8
old_admin714,kV4EIW
old_admin715,7m5wSy
old_admin716,Vp7F0o
old_admin717,PTNQe0
old_admin718,E4ERC0
old_admin719,VBoMmJ
old_admin720,kVrqqf
old_admin721,Gozu6t
old_admin722,gl6r55
old_admin723,QduTlY
old_admin724,23Hm0L
old_admin725,gILMw2
old_admin726,DyR2r8
old_admin727,wgF1D8
old_admin728,5PFyqU
old_admin729,xVr4rV
old_admin730,yGdAQP
old_admin731,POAlrl
old_admin732,8C9x8R
old_admin733,Us1GmW
old_admin734,7zV9iM
old_admin735,vZBuNp
old_admin736,xsiSqO
old_admin737,vgAN2a
old_admin738,IWaJjn
old_admin739,4TUrlf
old_admin740,46z78Y
old_admin741,ijU6hm
old_admin742,ul9sJ0
old_admin743,dhPPLQ
old_admin744,U2KJpe
old_admin745,P2wAQ3
old_admin746,4094af
old_admin747,dVME22
old_admin748,OFLpBa
old_admin749,7uNiar
old_admin750,ZasM9m
old_admin751,oEg8D6
old_admin752,xcuQgU
old_admin753,HOUGO2
old_admin754,Jnq5Nh
old_admin755,bbDVuk
old_admin756,CfeQiH
old_admin757,lZX2bB
old_admin758,xtJIvu
old_admin759,QUXYKE
old_admin760,Oi98Q2
old_admin761,jaitpQ
old_admin762,KLUW8Q
old_admin763,umrs7k
old_admin764,HxQfod
old_admin765,qWNyKf
old_admin766,mcnv9z
old_admin767,7pth5U
old_admin768,CE0rSd
old_admin769,oJqWf6
old_admin770,Xf6qss
old_admin771,QJbgmW
old_admin772,lKR3vJ
old_admin773,bhL3EQ
old_admin774,Bs5yG3
old_admin775,pcBrRP
old_admin776,40TnLt
old_admin777,PMFNEx
old_admin778,9I0I23
old_admin779,26Txez
old_admin780,m2JHAV
old_admin781,zOzzPB
old_admin782,5jwQQz
old_admin783,j0WsUc
old_admin784,cUb1Ru
old_admin785,b3RjlW
old_admin786,gExwj7
old_admin787,Qrmc3b
old_admin788,7Wtvhq
old_admin789,JAyZKG
old_admin790,wtgvsb
old_admin791,NhNQ75
old_admin792,b9z4aS
old_admin793,TyrryS
old_admin794,je5wZP
old_admin795,XQcy1O
old_admin796,hBX8fk
old_admin797,QDdaQa
old_admin798,yT5WZ0
old_admin799,VuUNOB
old_admin800,sdLU3a
old_admin801,Xl838i
old_admin802,aQqVk5
old_admin803,UvEXKR
old_admin804,F8NfKy
old_admin805,8cT1Uk
old_admin806,utPYI3
old_admin807,Frbkej
old_admin808,d9bGJf
old_admin809,qzKx4M
old_admin810,O7Oopn
old_admin811,TJ3kOh
old_admin812,m5qczb
old_admin813,Wcq5cC
old_admin814,Wlcr9H
old_admin815,vjxxP7
old_admin816,QQXuif
old_admin817,YcG38q
old_admin818,nSrtlP
old_admin819,HhvzHR
old_admin820,fpoDRj
old_admin821,iNtOTp
old_admin822,FrpfEV
old_admin823,eBv3CW
old_admin824,iQ4WsV
old_admin825,IdwGQa
old_admin826,b6htIf
old_admin827,vtxQgt
old_admin828,qtXF9M
old_admin829,PbEfWl
old_admin830,jW90ZF
old_admin831,RTp729
old_admin832,Fm85F5
old_admin833,qd0e5b
old_admin834,LBEpYa
old_admin835,RDYo6i
old_admin836,uJMWMQ
old_admin837,QbL1OJ
old_admin838,laT9kL
old_admin839,N4wqqX
old_admin840,9ZD051
old_admin841,40zlTC
old_admin842,remPkh
old_admin843,SfuUTi
old_admin844,uPOwlV
old_admin845,nJaVpj
old_admin846,CECscU
old_admin847,WEcPWC
old_admin848,kMHLMb
old_admin849,rJYyS9
old_admin850,ERHU2W
old_admin851,aSYugA
old_admin852,r0TaNV
old_admin853,cJF0El
old_admin854,HD0NKB
old_admin855,LD9JnI
old_admin856,tDDzIY
old_admin857,vTAGcZ
old_admin858,xFP1j7
old_admin859,BPOoTv
old_admin860,qfZleG
old_admin861,1hqiGe
old_admin862,b9G8lT
old_admin863,2MJ3k3
old_admin864,5cxza2
old_admin865,KetmT4
old_admin866,7suHok
old_admin867,opGzoY
old_admin868,WG2fVw
old_admin869,o8LukW
old_admin870,sy8KCL
old_admin871,HPzpWo
old_admin872,RGUjHj
old_admin873,YUCshF
old_admin874,SSw0sr
old_admin875,7Rp8DZ
old_admin876,mVHopb
old_admin877,vIwLPo
old_admin878,2xtnR3
old_admin879,XA9ZTY
old_admin880,Cmq1Qs
old_admin881,ThVoqD
old_admin882,9xlUQ8
old_admin883,jozyUw
old_admin884,dS1wHY
old_admin885,HUVMNS
old_admin886,rOSUa4
old_admin887,4igMq8
old_admin888,vb29LM
old_admin889,cOt8om
old_admin890,PiUhnk
old_admin891,wqfNPo
old_admin892,77ZE2I
old_admin893,pdWD8G
old_admin894,tCCugX
old_admin895,3d9Yax
old_admin896,vzMDW5
old_admin897,cQ82pq
old_admin898,wtkQEJ
old_admin899,IxPhDx
old_admin900,8KmHOh
old_admin901,nOzpgF
old_admin902,x3nmGm
old_admin903,PxIqCR
old_admin904,sdF4gL
old_admin905,DRwOpC
old_admin906,nvxBB3
old_admin907,eznxGl
old_admin908,SzeeGQ
old_admin909,MOb6iR
old_admin910,8MGiqe
old_admin911,IY284y
old_admin912,HsHjIU
old_admin913,E3i4HG
old_admin914,UwPfIO
old_admin915,76snQs
old_admin916,6JXyTT
old_admin917,kBM9jF
old_admin918,g7pPky
old_admin919,HrTkOx
old_admin920,96RQCi
old_admin921,hNxWOZ
old_admin922,BwcbFS
old_admin923,UTBrzZ
old_admin924,OGk4s9
old_admin925,J8LEf6
old_admin926,MEcBvG
old_admin927,RzHbPC
old_admin928,auiTOi
old_admin929,r8VBfn
old_admin930,DJJPvk
old_admin931,aMoayO
old_admin932,lqeByQ
old_admin933,yM9oiR
old_admin934,j8zMkc
old_admin935,SaPIor
old_admin936,CT5W8F
old_admin937,S1vw1H
old_admin938,lpRQxu
old_admin939,WcmTiD
old_admin940,eXUWjl
old_admin941,PHgj34
old_admin942,eFyO0j
old_admin943,lgoUua
old_admin944,PrmUig
old_admin945,fD7BS9
old_admin946,i2qoCp
old_admin947,r3iFah
old_admin948,bZTUCS
old_admin949,473Slk
old_admin950,bjhS5q
old_admin951,dSxXkA
old_admin952,16IHdo
old_admin953,Zvxa98
old_admin954,J8qs8q
old_admin955,gl2tKc
old_admin956,Xe8qob
old_admin957,JG8lhR
old_admin958,uA3wEC
old_admin959,YD3Yxr
old_admin960,SSE7Zs
old_admin961,mh6XKP
old_admin962,RR6pT3
old_admin963,sEVfRi
old_admin964,okY4an
old_admin965,KFsyG1
old_admin966,GPhVUv
old_admin967,wLbwTx
old_admin968,xR2314
old_admin969,BNB2uV
old_admin970,FXWxaJ
old_admin971,SrgbGV
old_admin972,NiFezy
old_admin973,fApKyR
old_admin974,305MUa
old_admin975,g4D5ox
old_admin976,hTgmeo
old_admin977,6SqmH9
old_admin978,XTWih4
old_admin979,oU8U3P
old_admin980,nEnNtW
old_admin981,Oz6KUi
old_admin982,uemRzI
old_admin983,rt1xVQ
old_admin984,N2RCp9
old_admin985,9lu2eu
old_admin986,3nyZu9
old_admin987,xw0mbL
old_admin988,LrqwHj
old_admin989,HbMmSl
old_admin990,UARM2m
old_admin991,oWN4Or
old_admin992,PLDzTF
old_admin993,mRrrQX
old_admin994,PEPBZf
old_admin995,PItrLm
old_admin996,btp1UG
old_admin997,1b82cV
old_admin998,EgxQUA
old_admin999,SBcgB3
old_admin1000,cS32tr
